start=8156.417000
fullscreen=yes
aid=2
sub-scale=0.500000
