start=7722.506000
volume=124.000000
fullscreen=yes
aid=2
sub-scale=0.700000
